out_file1.txt
1 1 0 1 0							      |	1 1 0 1 0 								
0 0 0 1 0							      |	0 0 0 1 0 								
1 1 1 1 0							      |	1 1 1 1 0 								
1 0 0 0 0							      |	1 0 0 0 0 								
1 0 0 0 0							      |	1 0 0 0 0 								
							      |	0 1 0 1 0 								
0 1 0 1 0							      |	0 0 0 0 0 								
0 0 0 0 0							      |	0 0 0 0 0 								
0 0 0 0 0							      |	0 0 0 0 0 								
0 0 0 0 0							      |	1 0 0 0 0 								
1 0 0 0 0							      |	0 1 0 1 0 								
							      |	0 1 0 0 0 								
0 1 0 1 0							      |	0 1 1 1 0 								
0 1 0 0 0							      |	0 0 0 0 0 								
0 1 1 1 0							      |	1 0 0 0 0 								
0 0 0 0 0							      |	0 0 0 1 0 								
1 0 0 0 0							      |	0 0 0 0 0 								
							      |	0 0 0 1 0 								
0 0 0 1 0							      |	0 0 0 0 0 								
0 0 0 0 0							      |	1 0 0 0 0 								
0 0 0 1 0							      |	0 0 0 1 0 								
0 0 0 0 0							      |	0 0 0 1 0 								
1 0 0 0 0							      |	0 0 0 1 0 								
							      |	0 0 0 0 0 								
0 0 0 1 0							      |	1 1 1 1 1 								
0 0 0 1 0							      <
0 0 0 1 0							      <
0 0 0 0 0							      <
1 1 1 1 1							      <
1 0 1 1 1							      |	1 0 1 1 1 								
1 1 1 1 0							      |	1 1 1 1 0 								
0 1 0 0 1							      |	0 1 0 0 1 								
0 1 1 0 0							      |	0 1 1 0 0 								
0 0 0 0 1							      |	0 0 0 0 1 								
							      |	1 0 1 0 0 								
1 0 1 0 0							      |	1 0 1 0 0 								
1 0 1 0 0							      |	1 0 0 0 1 								
1 0 0 0 1							      |	1 0 0 1 1 								
1 0 0 1 1							      |	0 0 1 1 1 								
0 0 1 1 1							      |	1 1 0 0 0 								
							      |	0 1 0 0 1 								
1 1 0 0 0							      |	1 0 0 0 0 								
0 1 0 0 1							      |	0 0 0 1 1 								
1 0 0 0 0							      |	0 1 1 0 0 								
0 0 0 1 1							      |	0 1 1 1 0 								
0 1 1 0 0							      |	1 1 0 1 1 								
							      |	0 1 0 1 1 								
0 1 1 1 0							      |	0 0 1 0 0 								
1 1 0 1 1							      |	0 1 0 1 1 								
0 1 0 1 1							      |	0 0 1 1 0 								
0 0 1 0 0							      |	0 0 0 0 0 								
0 1 0 1 1							      |	0 1 1 0 1 								
							      |	0 1 1 1 0 								
0 0 1 1 0							      |	0 1 1 1 1 								
0 0 0 0 0							      <
0 1 1 0 1							      <
0 1 1 1 0							      <
0 1 1 1 1							      <
1 1 1 1 1							      |	1 1 1 1 1 								
1 1 1 1 1							      |	1 1 1 1 1 								
1 1 1 1 1							      |	1 1 1 1 1 								
1 1 1 1 1							      |	1 1 1 1 1 								
1 1 1 1 1							      |	1 1 1 1 1 								
							      |	1 1 1 1 1 								
1 1 1 1 1							      |	1 1 1 1 1 								
1 1 1 1 1							      |	1 1 1 1 1 								
1 1 1 1 1							      |	1 1 1 1 1 								
1 1 1 1 1							      |	1 1 1 1 1 								
1 1 1 1 1							      |	1 1 1 1 1 								
							      |	1 1 1 1 1 								
1 1 1 1 1							      |	1 1 1 1 1 								
1 1 1 1 1							      |	1 1 1 1 1 								
1 1 1 1 1							      |	1 1 1 1 1 								
1 1 1 1 1							      |	1 1 1 1 1 								
1 1 1 1 1							      |	1 1 1 1 1 								
							      |	1 1 1 1 1 								
1 1 1 1 1							      |	1 1 1 1 1 								
1 1 1 1 1							      |	1 1 1 1 1 								
1 1 1 1 1							      |	1 1 1 1 1 								
1 1 1 1 1							      |	1 1 1 1 1 								
1 1 1 1 1							      |	1 1 1 1 1 								
							      |	1 1 1 1 1 								
1 1 1 1 1							      |	1 1 1 1 1 								
1 1 1 1 1							      <
1 1 1 1 1							      <
1 1 1 1 1							      <
1 1 1 1 1							      <
1 1 0 1 0							      |	1 1 0 1 0 								
0 0 0 1 0							      |	0 0 0 1 0 								
1 1 1 1 0							      |	1 1 1 1 0 								
1 0 0 0 0							      |	1 0 0 0 0 								
1 0 0 0 0							      |	1 0 0 0 0 								
							      |	0 1 0 1 0 								
0 1 0 1 0							      |	0 0 0 0 0 								
0 0 0 0 0							      |	0 0 0 0 0 								
0 0 0 0 0							      |	0 0 0 0 0 								
0 0 0 0 0							      |	1 0 0 0 0 								
1 0 0 0 0							      |	0 1 0 1 0 								
							      |	0 1 0 0 0 								
0 1 0 1 0							      |	0 1 1 1 0 								
0 1 0 0 0							      |	0 0 0 0 0 								
0 1 1 1 0							      |	1 0 0 0 0 								
0 0 0 0 0							      |	0 0 0 1 0 								
1 0 0 0 0							      |	0 0 0 0 0 								
							      |	0 0 0 1 0 								
0 0 0 1 0							      |	0 0 0 0 0 								
0 0 0 0 0							      |	1 0 0 0 0 								
0 0 0 1 0							      |	0 0 0 1 0 								
0 0 0 0 0							      |	0 0 0 1 0 								
1 0 0 0 0							      |	0 0 0 1 0 								
							      |	0 0 0 0 0 								
0 0 0 1 0							      |	1 1 1 0 1 								
0 0 0 1 0							      <
0 0 0 1 0							      <
0 0 0 0 0							      <
1 1 1 0 1							      <
1 0 1 1 1							      |	1 0 1 1 1 								
1 1 1 1 0							      |	1 1 1 1 0 								
0 1 0 0 1							      |	0 1 0 0 1 								
0 1 1 0 0							      |	0 1 1 0 0 								
0 0 0 0 1							      |	0 0 0 0 1 								
							      |	1 0 1 0 0 								
1 0 1 0 0							      |	1 0 1 0 0 								
1 0 1 0 0							      |	1 0 0 0 1 								
1 0 0 0 1							      |	1 0 0 1 1 								
1 0 0 1 1							      |	0 0 1 1 1 								
0 0 1 1 1							      |	1 1 0 0 0 								
							      |	0 1 0 0 1 								
1 1 0 0 0							      |	1 0 0 0 0 								
0 1 0 0 1							      |	0 0 0 1 1 								
1 0 0 0 0							      |	0 1 1 0 0 								
0 0 0 1 1							      |	0 1 1 1 0 								
0 1 1 0 0							      |	1 1 0 1 1 								
							      |	0 1 0 1 1 								
0 1 1 1 0							      |	0 0 1 0 0 								
1 1 0 1 1							      |	0 1 0 1 1 								
0 1 0 1 1							      |	0 0 1 1 0 								
0 0 1 0 0							      |	0 0 0 0 0 								
0 1 0 1 1							      |	0 1 1 0 1 								
							      |	0 1 1 1 0 								
0 0 1 1 0							      |	0 1 1 0 1 								
0 0 0 0 0							      <
0 1 1 0 1							      <
0 1 1 1 0							      <
0 1 1 0 1							      <
1 1 1 1 1							      |	1 1 1 1 1 								
1 1 1 1 1							      |	1 1 1 1 1 								
1 1 1 1 1							      |	1 1 1 1 1 								
1 1 1 1 1							      |	1 1 1 1 1 								
1 1 1 1 1							      |	1 1 1 1 1 								
							      |	1 1 1 1 1 								
1 1 1 1 1							      |	1 1 1 1 1 								
1 1 1 1 1							      |	1 1 1 1 1 								
1 1 1 1 1							      |	1 1 1 1 1 								
1 1 1 1 1							      |	1 1 1 1 1 								
1 1 1 1 1							      |	1 1 1 1 1 								
							      |	1 1 1 1 1 								
1 1 1 1 1							      |	1 1 1 1 1 								
1 1 1 1 1							      |	1 1 1 1 1 								
1 1 1 1 1							      |	1 1 1 1 1 								
1 1 1 1 1							      |	1 1 1 1 1 								
1 1 1 1 1							      |	1 1 1 1 1 								
							      |	1 1 1 1 1 								
1 1 1 1 1							      |	1 1 1 1 1 								
1 1 1 1 1							      |	1 1 1 1 0 								
1 1 1 1 1							      |	1 1 1 1 1 								
1 1 1 1 1							      |	1 1 1 1 1 								
1 1 1 1 0							      |	1 1 1 1 1 								
							      |	1 1 1 1 0 								
1 1 1 1 1							      |	1 1 1 0 1 								
1 1 1 1 1							      <
1 1 1 1 1							      <
1 1 1 1 0							      <
1 1 1 0 1							      <
out_file2.txt
1 1 1 1 1							      |	1 1 1 1 1 								
1 1 1 1 1							      |	1 1 1 1 1 								
1 1 1 1 1							      |	1 1 1 1 1 								
1 1 1 1 1							      |	1 1 1 1 1 								
1 1 1 1 1							      |	1 1 1 1 1 								
							      |	1 1 1 1 1 								
1 1 1 1 1							      |	1 1 1 1 1 								
1 1 1 1 1							      |	1 1 1 1 1 								
1 1 1 1 1							      |	1 1 1 1 1 								
1 1 1 1 1							      |	1 1 1 1 1 								
1 1 1 1 1							      |	1 1 1 1 1 								
							      |	1 1 1 1 1 								
1 1 1 1 1							      |	1 1 1 1 1 								
1 1 1 1 1							      |	1 1 1 1 1 								
1 1 1 1 1							      |	1 1 1 1 1 								
1 1 1 1 1							      |	1 1 1 1 1 								
1 1 1 1 1							      |	1 1 1 1 1 								
							      |	1 1 1 1 1 								
1 1 1 1 1							      |	1 1 1 1 1 								
1 1 1 1 1							      |	1 1 1 1 1 								
1 1 1 1 1							      |	1 1 1 1 1 								
1 1 1 1 1							      |	1 1 1 1 1 								
1 1 1 1 1							      |	1 1 1 1 1 								
							      |	1 1 1 1 1 								
1 1 1 1 1							      |	1 1 1 1 1 								
1 1 1 1 1							      <
1 1 1 1 1							      <
1 1 1 1 1							      <
1 1 1 1 1							      <
1 1 1 1 1							      |	1 1 1 1 1 								
1 1 1 1 1							      |	1 1 1 1 1 								
1 1 1 1 1							      |	1 1 1 1 1 								
1 1 1 1 1							      |	1 1 1 1 1 								
1 1 1 1 1							      |	1 1 1 1 1 								
							      |	1 1 1 1 1 								
1 1 1 1 1							      |	1 1 1 1 1 								
1 1 1 1 1							      |	1 1 1 1 1 								
1 1 1 1 1							      |	1 1 1 1 1 								
1 1 1 1 1							      |	1 1 1 1 1 								
1 1 1 1 1							      |	1 1 1 1 1 								
							      |	1 1 1 1 1 								
1 1 1 1 1							      |	1 1 1 1 1 								
1 1 1 1 1							      |	1 1 1 1 1 								
1 1 1 1 1							      |	1 1 1 1 1 								
1 1 1 1 1							      |	1 1 1 1 1 								
1 1 1 1 1							      |	1 1 1 1 1 								
							      |	1 1 1 1 1 								
1 1 1 1 1							      |	1 1 1 1 1 								
1 1 1 1 1							      |	1 1 1 1 1 								
1 1 1 1 1							      |	1 1 1 1 1 								
1 1 1 1 1							      |	1 1 1 1 1 								
1 1 1 1 1							      |	1 1 1 1 1 								
							      |	1 1 1 1 1 								
1 1 1 1 1							      |	1 1 1 1 1 								
1 1 1 1 1							      <
1 1 1 1 1							      <
1 1 1 1 1							      <
1 1 1 1 1							      <
1 1 0 1 0							      |	1 1 0 1 0 								
0 0 0 1 0							      |	0 0 0 1 0 								
1 1 1 1 0							      |	1 1 1 1 0 								
1 0 0 0 0							      |	1 0 0 0 0 								
1 0 0 0 0							      |	1 0 0 0 0 								
							      |	0 1 0 1 0 								
0 1 0 1 0							      |	0 0 0 0 0 								
0 0 0 0 0							      |	0 0 0 0 0 								
0 0 0 0 0							      |	0 0 0 0 0 								
0 0 0 0 0							      |	1 0 0 0 0 								
1 0 0 0 0							      |	0 1 0 1 0 								
							      |	0 1 0 0 0 								
0 1 0 1 0							      |	0 1 1 1 0 								
0 1 0 0 0							      |	0 0 0 0 0 								
0 1 1 1 0							      |	1 0 0 0 0 								
0 0 0 0 0							      |	0 0 0 1 0 								
1 0 0 0 0							      |	0 0 0 0 0 								
							      |	0 0 0 1 0 								
0 0 0 1 0							      |	0 0 0 0 0 								
0 0 0 0 0							      |	1 0 0 0 0 								
0 0 0 1 0							      |	0 0 0 1 0 								
0 0 0 0 0							      |	0 0 0 1 0 								
1 0 0 0 0							      |	0 0 0 1 0 								
							      |	0 0 0 0 0 								
0 0 0 1 0							      |	1 1 1 1 1 								
0 0 0 1 0							      <
0 0 0 1 0							      <
0 0 0 0 0							      <
1 1 1 1 1							      <
1 1 0 1 0							      |	1 1 0 1 0 								
0 0 0 1 0							      |	0 0 0 1 0 								
1 1 1 1 0							      |	1 1 1 1 0 								
1 0 0 0 0							      |	1 0 0 0 0 								
1 0 0 0 0							      |	1 0 0 0 0 								
							      |	0 1 0 1 0 								
0 1 0 1 0							      |	0 0 0 0 0 								
0 0 0 0 0							      |	0 0 0 0 0 								
0 0 0 0 0							      |	0 0 0 0 0 								
0 0 0 0 0							      |	1 0 0 0 0 								
1 0 0 0 0							      |	0 1 0 1 0 								
							      |	0 1 0 0 0 								
0 1 0 1 0							      |	0 1 1 1 0 								
0 1 0 0 0							      |	0 0 0 0 0 								
0 1 1 1 0							      |	1 0 0 0 0 								
0 0 0 0 0							      |	0 0 0 1 0 								
1 0 0 0 0							      |	0 0 0 0 0 								
							      |	0 0 0 1 0 								
0 0 0 1 0							      |	0 0 0 0 0 								
0 0 0 0 0							      |	1 0 0 0 0 								
0 0 0 1 0							      |	0 0 0 1 0 								
0 0 0 0 0							      |	0 0 0 1 0 								
1 0 0 0 0							      |	0 0 0 1 0 								
							      |	0 0 0 0 0 								
0 0 0 1 0							      |	1 1 1 1 1 								
0 0 0 1 0							      <
0 0 0 1 0							      <
0 0 0 0 0							      <
1 1 1 1 1							      <
out_file3.txt
1 1 0 1 0							      |	1 1 0 1 0 								
0 0 0 1 0							      |	0 0 0 1 0 								
1 1 1 1 0							      |	1 1 1 1 0 								
1 0 0 0 0							      |	1 0 0 0 0 								
1 0 0 0 0							      |	1 0 0 0 0 								
							      >	0 1 0 1 0 								
							      >	0 0 0 0 0 								
							      >	0 0 0 0 0 								
							      >	0 0 0 0 0 								
							      >	1 0 0 0 0 								
							      >	0 1 0 1 0 								
							      >	0 1 0 0 0 								
							      >	0 1 1 1 0 								
							      >	0 0 0 0 0 								
							      >	1 0 0 0 0 								
							      >	0 0 0 1 0 								
							      >	0 0 0 0 0 								
							      >	0 0 0 1 0 								
							      >	0 0 0 0 0 								
							      >	1 0 0 0 0 								
							      >	0 0 0 1 0 								
							      >	0 0 0 1 0 								
							      >	0 0 0 1 0 								
							      >	0 0 0 0 0 								
							      >	1 1 1 1 1 								
0 1 0 1 0							      |	solveMaze Maze has no valid solution								
0 0 0 0 0							      <
0 0 0 0 0							      <
0 0 0 0 0							      <
1 0 0 0 0							      <
							      <
0 1 0 1 0							      <
0 1 0 0 0							      <
0 1 1 1 0							      <
0 0 0 0 0							      <
1 0 0 0 0							      <
							      <
0 0 0 1 0							      <
0 0 0 0 0							      <
0 0 0 1 0							      <
0 0 0 0 0							      <
1 0 0 0 0							      <
							      <
0 0 0 1 0							      <
0 0 0 1 0							      <
0 0 0 1 0							      <
0 0 0 0 0							      <
1 1 1 1 1							      <
							      <
solveMaze VALID solution given							      <
1 0 1 1 1							      |	1 0 1 1 1 								
1 1 1 1 0							      |	1 1 1 1 0 								
0 1 0 0 1							      |	0 1 0 0 1 								
0 1 1 0 0							      |	0 1 1 0 0 								
0 0 0 0 1							      |	0 0 0 0 1 								
							      |	1 0 1 0 0 								
1 0 1 0 0							      |	1 0 1 0 0 								
1 0 1 0 0							      |	1 0 0 0 1 								
1 0 0 0 1							      |	1 0 0 1 1 								
1 0 0 1 1							      |	0 0 1 1 1 								
0 0 1 1 1							      |	1 1 0 0 0 								
							      |	0 1 0 0 1 								
1 1 0 0 0							      |	1 0 0 0 0 								
0 1 0 0 1							      |	0 0 0 1 1 								
1 0 0 0 0							      |	0 1 1 0 0 								
0 0 0 1 1							      |	0 1 1 1 0 								
0 1 1 0 0							      |	1 1 0 1 1 								
							      >	0 1 0 1 1 								
							      >	0 0 1 0 0 								
							      >	0 1 0 1 1 								
							      >	0 0 1 1 0 								
							      >	0 0 0 0 0 								
							      >	0 1 1 0 1 								
							      >	0 1 1 1 0 								
							      >	0 1 1 1 1 								
0 1 1 1 0							      |	solveMaze Maze has no valid solution								
1 1 0 1 1							      <
0 1 0 1 1							      <
0 0 1 0 0							      <
0 1 0 1 1							      <
							      <
0 0 1 1 0							      <
0 0 0 0 0							      <
0 1 1 0 1							      <
0 1 1 1 0							      <
0 1 1 1 1							      <
							      <
solveMaze VALID solution given							      <
1 1 1 1 1							      |	1 1 1 1 1 								
1 1 1 1 1							      |	1 1 1 1 1 								
1 1 1 1 1							      |	1 1 1 1 1 								
1 1 1 1 1							      |	1 1 1 1 1 								
1 1 1 1 1							      |	1 1 1 1 1 								
							      |	1 1 1 1 1 								
1 1 1 1 1							      |	1 1 1 1 1 								
1 1 1 1 1							      |	1 1 1 1 1 								
1 1 1 1 1							      |	1 1 1 1 1 								
1 1 1 1 1							      |	1 1 1 1 1 								
1 1 1 1 1							      |	1 1 1 1 1 								
							      |	1 1 1 1 1 								
1 1 1 1 1							      |	1 1 1 1 1 								
1 1 1 1 1							      |	1 1 1 1 1 								
1 1 1 1 1							      |	1 1 1 1 1 								
1 1 1 1 1							      |	1 1 1 1 1 								
1 1 1 1 1							      |	1 1 1 1 1 								
							      |	1 1 1 1 1 								
1 1 1 1 1							      |	1 1 1 1 1 								
1 1 1 1 1							      |	1 1 1 1 1 								
1 1 1 1 1							      |	1 1 1 1 1 								
1 1 1 1 1							      |	1 1 1 1 1 								
1 1 1 1 1							      |	1 1 1 1 1 								
							      |	1 1 1 1 1 								
1 1 1 1 1							      |	1 1 1 1 1 								
1 1 1 1 1							      <
1 1 1 1 1							      <
1 1 1 1 1							      <
1 1 1 1 1							      <
solveMaze VALID solution given							      |	solveMaze Maze has no valid solution								
out_file4.txt
